1.942000
2.430000
2.933000
3.429000
3.932000
4.428000
4.919000
5.414000
5.931000
6.435000
6.942000
7.438000
7.927000
8.426000
8.935000
9.442000
9.923000
10.434000
10.944000
11.442000
11.935000
12.431000
12.931000
13.426000
13.922000
14.418000
14.913000
15.402000
15.923000
16.435000
16.918000
17.421000
17.912000
18.424000
18.922000
19.425000
19.915000
20.424000
20.922000
21.431000
21.933000
22.425000
22.914000
23.415000
23.942000
24.439000
24.937000
25.417000
25.926000
26.439000
26.927000
27.421000
27.916000
28.416000
28.880613
29.401000
29.910000
